radius,value
0.00025,0.9976301193237305
0.00075,0.9957005977630615
0.00125,0.9920920133590698
0.00175,0.986677348613739
0.0022500000000000003,0.9786064624786377
0.00275,0.9692789316177368
0.0032500000000000003,0.9590634107589722
0.00375,0.9465638995170593
0.00425,0.9315189719200134
0.00475,0.9142229557037354
0.00525,0.8971627950668335
0.00575,0.8798752427101135
0.00625,0.8589624762535095
0.00675,0.8365859985351562
0.00725,0.8131008744239807
0.00775,0.7904091477394104
0.00825,0.7663379311561584
0.00875,0.7416062951087952
0.00925,0.7152716517448425
0.00975,0.687504768371582
0.01025,0.6618574857711792
0.010750000000000001,0.634361982345581
0.01125,0.6071234941482544
0.01175,0.5807231068611145
0.01225,0.552137553691864
0.012750000000000001,0.5241388082504272
0.01325,0.49663272500038147
0.01375,0.4708826541900635
0.01425,0.4449634253978729
0.014750000000000001,0.41876164078712463
0.01525,0.39442816376686096
0.01575,0.36919212341308594
0.01625,0.3455970883369446
0.01675,0.32156768441200256
0.01725,0.2986261546611786
0.017750000000000002,0.2786012887954712
0.01825,0.25760284066200256
0.01875,0.23883840441703796
0.01925,0.2189328521490097
0.01975,0.20085592567920685
0.02025,0.18582263588905334
0.02075,0.16903434693813324
0.02125,0.15485070645809174
0.021750000000000002,0.14005142450332642
0.02225,0.12707151472568512
0.02275,0.1159750446677208
0.02325,0.10443035513162613
0.02375,0.09491987526416779
0.02425,0.084513820707798
0.02475,0.07654018700122833
0.02525,0.06841189414262772
0.025750000000000002,0.06138968840241432
0.02625,0.055577486753463745
0.02675,0.04914339259266853
0.02725,0.04473322629928589
0.02775,0.0399760901927948
0.02825,0.0363946408033371
0.02875,0.03299117088317871
0.02925,0.029833268374204636
0.029750000000000002,0.02738463692367077
0.03025,0.02512533776462078
0.03075,0.023702280595898628
0.03125,0.02175110951066017
0.03175,0.02053114026784897
0.03225,0.019755754619836807
0.03275,0.018457358703017235
0.03325,0.018385067582130432
0.03375,0.017257843166589737
0.03425,0.017476381734013557
0.03475,0.017079127952456474
0.035250000000000004,0.016436826437711716
0.035750000000000004,0.01690012402832508
0.03625,0.01593957655131817
0.03675,0.017044011503458023
0.03725,0.016149014234542847
0.03775,0.016302628442645073
0.03825,0.016462020576000214
0.03875,0.015294434502720833
0.03925,0.01622159034013748
0.03975,0.014995260164141655
0.04025,0.01589418575167656
0.04075,0.015809638425707817
0.04125,0.014257129281759262
0.04175,0.015015202574431896
0.04225,0.013608242385089397
0.04275,0.013878465630114079
0.043250000000000004,0.013409696519374847
0.043750000000000004,0.01230299286544323
0.04425,0.012692845426499844
0.04475,0.010949249379336834
0.04525,0.011097067035734653
0.04575,0.010092985816299915
0.04625,0.00925392284989357
0.04675,0.009317644871771336
0.04725,0.007278222590684891
0.04775,0.007300956174731255
0.04825,0.0059865922667086124
0.04875,0.005596458446234465
0.04925,0.004993382375687361
0.04975,0.0034316082019358873
0.05025,0.003140386426821351
0.05075,0.001780136488378048
0.051250000000000004,0.0011881955433636904
0.051750000000000004,0.00034190271981060505
0.05225,-0.0007938290946185589
0.05275,-0.0010926061077043414
0.05325,-0.0023744821082800627
0.05375,-0.0029654130339622498
0.05425,-0.00394453527405858
0.05475,-0.004645409528166056
0.05525,-0.005173025652766228
0.05575,-0.006203394383192062
0.05625,-0.0067475358955562115
0.05675,-0.007521456107497215
0.05725,-0.008097097277641296
0.05775,-0.008712800219655037
0.05825,-0.009328302927315235
0.058750000000000004,-0.009845533408224583
0.059250000000000004,-0.010348331183195114
0.059750000000000004,-0.010784337297081947
0.06025,-0.011251620948314667
0.06075,-0.01168014295399189
0.06125,-0.012045687064528465
0.06175,-0.012309414334595203
0.06225,-0.01264361385256052
0.06275,-0.01283438690006733
0.06325,-0.013108289800584316
0.06375,-0.013186229392886162
0.06425,-0.013323386199772358
0.06475,-0.013605319894850254
0.06525,-0.013600199483335018
0.06575,-0.013650196604430676
0.06625,-0.013669587671756744
0.06675,-0.013633066788315773
0.06725,-0.013651001267135143
0.06775,-0.013621991500258446
0.06825,-0.013636264018714428
0.06875,-0.013439659960567951
0.06925,-0.013407030142843723
0.06975,-0.013331708498299122
0.07025,-0.013167759403586388
0.07075000000000001,-0.013170450925827026
0.07125000000000001,-0.012964019551873207
0.07175000000000001,-0.012874494306743145
0.07225,-0.012707419693470001
0.07275,-0.012591037899255753
0.07325,-0.012537031434476376
0.07375,-0.012383440509438515
0.07425,-0.01233837753534317
0.07475,-0.012175112031400204
0.07525,-0.012061023153364658
0.07575,-0.011964559555053711
0.07625,-0.01191085483878851
0.07675,-0.011824025772511959
0.07725,-0.011848950758576393
0.07775,-0.011685730889439583
0.07825,-0.011649287305772305
0.07875,-0.011639979667961597
0.07925,-0.011537573300302029
0.07975,-0.01156051829457283
0.08025,-0.011529392562806606
0.08075,-0.011576085351407528
0.08125,-0.011475310660898685
0.08175,-0.011447448283433914
0.08225,-0.011519129388034344
0.08275,-0.011479416862130165
0.08325,-0.011560503393411636
0.08375,-0.01149878278374672
0.08425,-0.0114854471758008
0.08475,-0.011567371897399426
0.08525,-0.011483632028102875
0.08575,-0.011541580781340599
0.08625000000000001,-0.011543568223714828
0.08675000000000001,-0.011554640717804432
0.08725000000000001,-0.011593902483582497
0.08775000000000001,-0.011500425636768341
0.08825,-0.011532536707818508
0.08875,-0.011525936424732208
0.08925,-0.011522292159497738
0.08975,-0.011556633748114109
0.09025,-0.011458656750619411
0.09075,-0.011431518010795116
0.09125,-0.011461068876087666
0.09175,-0.011343489401042461
0.09225,-0.011372150853276253
0.09275,-0.011301659978926182
0.09325,-0.011243082582950592
0.09375,-0.011220808140933514
0.09425,-0.011063843034207821
0.09475,-0.011031512171030045
0.09525,-0.010946227237582207
0.09575,-0.010896746069192886
0.09625,-0.010762739926576614
0.09675,-0.010630183853209019
0.09725,-0.010555579327046871
0.09775,-0.01036892831325531
0.09825,-0.010236496105790138
0.09875,-0.0101716797798872
0.09925,-0.009965168312191963
0.09975,-0.00984643679112196
0.10025,-0.009620597586035728
0.10075,-0.00944672804325819
0.10125,-0.00925936084240675
0.10175000000000001,-0.009148661978542805
0.10225000000000001,-0.008918344043195248
0.10275000000000001,-0.008642219938337803
0.10325000000000001,-0.008469272404909134
0.10375000000000001,-0.00826741848140955
0.10425,-0.008040603250265121
0.10475,-0.007833043113350868
0.10525,-0.007568804081529379
0.10575,-0.007303769700229168
0.10625,-0.007035091519355774
0.10675,-0.006859397515654564
0.10725,-0.006566239520907402
0.10775,-0.006331576965749264
0.10825,-0.006101286970078945
0.10875,-0.005837057251483202
0.10925,-0.005597317591309547
0.10975,-0.005304667633026838
0.11025,-0.005054283421486616
0.11075,-0.004758646246045828
0.11125,-0.00463752681389451
0.11175,-0.004241591319441795
0.11225,-0.004141403362154961
0.11275,-0.0037432005628943443
0.11325,-0.003560377284884453
0.11375,-0.003398759989067912
0.11425,-0.003090557409450412
0.11475,-0.0029753802809864283
0.11525,-0.0026008496060967445
0.11575,-0.0025026067160069942
0.11625,-0.0022070726845413446
0.11675,-0.0019301911816000938
0.11725000000000001,-0.001987830735743046
0.11775000000000001,-0.0015925629995763302
0.11825000000000001,-0.001518096192739904
0.11875000000000001,-0.0012063866015523672
0.11925000000000001,-0.0010303844464942813
0.11975000000000001,-0.001071630627848208
0.12025,-0.0007723255548626184
0.12075,-0.0007494148449040949
0.12125,-0.0003866691840812564
0.12175,-0.0003174336743541062
0.12225,-0.00027286645490676165
0.12275,-2.975162715301849e-05
0.12325,-0.00010833657142939046
0.12375,0.0001416525774402544
0.12425,8.951086783781648e-05
0.12475,0.0002891235053539276
0.12525,0.00041363973286934197
0.12575,0.00045917287934571505
0.12625,0.0008092454518191516
0.12675,0.0006669684080407023
0.12725,0.0008408692083321512
0.12775,0.0007438050233758986
0.12825,0.0007632620399817824
0.12875,0.0008733666618354619
0.12925,0.0005887955776415765
0.12975,0.0008513543871231377
0.13025,0.0007073018932715058
0.13075,0.0008952004136517644
0.13125,0.000998368370346725
0.13175,0.000713477551471442
0.13225,0.0011170230573043227
0.13275,0.0008157779811881483
0.13325,0.0009116593282669783
0.13375,0.0011068646563217044
0.13425,0.0007981106173247099
0.13475,0.0011487153824418783
0.13525,0.0008407384157180786
0.13575,0.0008321411442011595
0.13625,0.0009508839575573802
0.13675,0.000728081853594631
0.13725,0.000991622218862176
0.13775,0.0005054892390035093
0.13825,0.0006558105815201998
0.13875,0.0005374248139560223
0.13925,0.0004126449639443308
0.13975,0.000493162777274847
0.14025,9.525853238301352e-05
0.14075000000000001,0.00017029386071953923
0.14125000000000001,-6.513229891424999e-05
0.14175000000000001,-0.00014643181930296123
0.14225000000000002,-0.00020521812257356942
0.14275000000000002,-0.0004744009056594223
0.14325000000000002,-0.0004934564931318164
0.14375000000000002,-0.0008257668232545257
0.14425,-0.0008327444083988667
0.14475,-0.001058476511389017
0.14525,-0.0011766859097406268
0.14575,-0.0012789700413122773
0.14625,-0.0016062904614955187
0.14675,-0.001649141195230186
0.14725,-0.0018848779145628214
0.14775,-0.0019729549530893564
0.14825,-0.0021903361193835735
0.14875,-0.0023625115863978863
0.14925,-0.0023524966090917587
0.14975,-0.002737763337790966
0.15025,-0.002693215850740671
0.15075,-0.0029668216593563557
0.15125,-0.003042678814381361
0.15175,-0.0030278100166469812
0.15225,-0.003413236467167735
0.15275,-0.0032621603459119797
0.15325,-0.0035812000278383493
0.15375,-0.003523428225889802
0.15425,-0.0034380503930151463
0.15475,-0.00387418270111084
0.15525,-0.003640405833721161
0.15575,-0.003902062075212598
0.15625,-0.0037365902680903673
0.15675,-0.003846472129225731
0.15725,-0.003872739849612117
0.15775,-0.003668467979878187
0.15825,-0.004021320957690477
0.15875,-0.003627041121944785
0.15925,-0.0038899120409041643
0.15975,-0.0036153702531009912
0.16025,-0.003490641713142395
0.16075,-0.003770623356103897
0.16125,-0.0033836455550044775
0.16175,-0.0035181958228349686
0.16225,-0.0032449360005557537
0.16275,-0.003304257756099105
0.16325,-0.0031406148336827755
0.16375,-0.003026222111657262
0.16425,-0.003020811127498746
0.16475,-0.0028225714340806007
0.16525,-0.0027657407335937023
0.16575,-0.002661863574758172
0.16625,-0.0024729426950216293
