radius,value
0.00025,0.997878909111023
0.00075,0.9961245656013489
0.00125,0.9928431510925293
0.00175,0.9879187345504761
0.0022500000000000003,0.980576753616333
0.00275,0.9720888137817383
0.0032500000000000003,0.9627892374992371
0.00375,0.9514055848121643
0.00425,0.9376960396766663
0.00475,0.92192542552948
0.00525,0.9063576459884644
0.00575,0.890570878982544
0.00625,0.8714587688446045
0.00675,0.8509870171546936
0.00725,0.8294799327850342
0.00775,0.8086707592010498
0.00825,0.786574125289917
0.00875,0.7638401389122009
0.00925,0.7395936250686646
0.00975,0.713996410369873
0.01025,0.6902968883514404
0.010750000000000001,0.6648610234260559
0.01125,0.6396028995513916
0.01175,0.6150704622268677
0.01225,0.5884611010551453
0.012750000000000001,0.5623065233230591
0.01325,0.5365721583366394
0.01375,0.5123904347419739
0.01425,0.487996369600296
0.014750000000000001,0.4632563591003418
0.01525,0.4401668608188629
0.01575,0.4161893427371979
0.01625,0.39362093806266785
0.01675,0.37061092257499695
0.01725,0.3485018312931061
0.017750000000000002,0.3290426731109619
0.01825,0.30866730213165283
0.01875,0.290248841047287
0.01925,0.2707005739212036
0.01975,0.2527458965778351
0.02025,0.23760870099067688
0.02075,0.22085660696029663
0.02125,0.20637589693069458
0.021750000000000002,0.19127637147903442
0.02225,0.1777949035167694
0.02275,0.1660996526479721
0.02325,0.15398360788822174
0.02375,0.14366857707500458
0.02425,0.13249973952770233
0.02475,0.12352117151021957
0.02525,0.11437934637069702
0.025750000000000002,0.10629532486200333
0.02625,0.09938306361436844
0.02675,0.0918889045715332
0.02725,0.0862646996974945
0.02775,0.08026333898305893
0.02825,0.07541278004646301
0.02875,0.07072960585355759
0.02925,0.06631723046302795
0.029750000000000002,0.06256663799285889
0.03025,0.058994293212890625
0.03075,0.05625860393047333
0.03125,0.05303310975432396
0.03175,0.05053987354040146
0.03225,0.048463817685842514
0.03275,0.04595447704195976
0.03325,0.04469733312726021
0.03375,0.04237233102321625
0.03425,0.04140456020832062
0.03475,0.039879683405160904
0.035250000000000004,0.03816496953368187
0.035750000000000004,0.03759000077843666
0.03625,0.035548921674489975
0.03675,0.03564208000898361
0.03725,0.03376447781920433
0.03775,0.033019404858350754
0.03825,0.03226964548230171
0.03875,0.030217621475458145
0.03925,0.030365120619535446
0.03975,0.028323989361524582
0.04025,0.0284618828445673
0.04075,0.02765965647995472
0.04125,0.02538820169866085
0.04175,0.025504466146230698
0.04225,0.023397834971547127
0.04275,0.023086342960596085
0.043250000000000004,0.022016311064362526
0.043750000000000004,0.020341603085398674
0.04425,0.02023003250360489
0.04475,0.017901288345456123
0.04525,0.01758904755115509
0.04575,0.01611250266432762
0.04625,0.01480172947049141
0.04675,0.014447511173784733
0.04725,0.011923734098672867
0.04775,0.011593518778681755
0.04825,0.009858448058366776
0.04875,0.009098502807319164
0.04925,0.0081646041944623
0.04975,0.006181157194077969
0.05025,0.005617009941488504
0.05075,0.0038592969067394733
0.051250000000000004,0.0029771861154586077
0.051750000000000004,0.0018395913066342473
0.05225,0.0003624700475484133
0.05275,-0.0001448025432182476
0.05325,-0.0017770100384950638
0.05375,-0.0026050645392388105
0.05425,-0.003876110538840294
0.05475,-0.004825789947062731
0.05525,-0.005551829468458891
0.05575,-0.006871717516332865
0.05625,-0.007621230557560921
0.05675,-0.008670142851769924
0.05725,-0.009449663572013378
0.05775,-0.010293528437614441
0.05825,-0.011113918386399746
0.058750000000000004,-0.011822815984487534
0.059250000000000004,-0.012566909193992615
0.059750000000000004,-0.013200667686760426
0.06025,-0.01385357603430748
0.06075,-0.014459211379289627
0.06125,-0.01500291284173727
0.06175,-0.01549618598073721
0.06225,-0.015988396480679512
0.06275,-0.016374889761209488
0.06325,-0.016794973984360695
0.06375,-0.017064766958355904
0.06425,-0.017372731119394302
0.06475,-0.01779232919216156
0.06525,-0.017956918105483055
0.06575,-0.018158989027142525
0.06625,-0.018334975466132164
0.06675,-0.018444888293743134
0.06725,-0.01859530806541443
0.06775,-0.018705185502767563
0.06825,-0.018844448029994965
0.06875,-0.01877821423113346
0.06925,-0.018862338736653328
0.06975,-0.018904149532318115
0.07025,-0.018844105303287506
0.07075000000000001,-0.01894671842455864
0.07125000000000001,-0.018835440278053284
0.07175000000000001,-0.01884029619395733
0.07225,-0.01876065880060196
0.07275,-0.018721794709563255
0.07325,-0.01874704100191593
0.07375,-0.018631761893630028
0.07425,-0.018685366958379745
0.07475,-0.01855234056711197
0.07525,-0.018489275127649307
0.07575,-0.018448108807206154
0.07625,-0.018408047035336494
0.07675,-0.018376540392637253
0.07725,-0.01840605027973652
0.07775,-0.018280593678355217
0.07825,-0.018261564895510674
0.07875,-0.01825234480202198
0.07925,-0.0181720107793808
0.07975,-0.018164385110139847
0.08025,-0.018163315951824188
0.08075,-0.018203474581241608
0.08125,-0.018082840368151665
0.08175,-0.018054844811558723
0.08225,-0.018077770248055458
0.08275,-0.018049200996756554
0.08325,-0.01809467002749443
0.08375,-0.018010800704360008
0.08425,-0.017971530556678772
0.08475,-0.018006887286901474
0.08525,-0.01790696196258068
0.08575,-0.017905695363879204
0.08625000000000001,-0.017880290746688843
0.08675000000000001,-0.017847195267677307
0.08725000000000001,-0.01783914305269718
0.08775000000000001,-0.017704583704471588
0.08825,-0.017667563632130623
0.08875,-0.017625920474529266
0.08925,-0.01756526529788971
0.08975,-0.01754182018339634
0.09025,-0.01738375797867775
0.09075,-0.01728655956685543
0.09125,-0.017268285155296326
0.09175,-0.017074963077902794
0.09225,-0.01703767664730549
0.09275,-0.01690029166638851
0.09325,-0.016783304512500763
0.09375,-0.016678012907505035
0.09425,-0.016451556235551834
0.09475,-0.01634315960109234
0.09525,-0.016193874180316925
0.09575,-0.01606765389442444
0.09625,-0.01585194282233715
0.09675,-0.015650548040866852
0.09725,-0.01549027394503355
0.09775,-0.015239624306559563
0.09825,-0.015020719729363918
0.09875,-0.014874950982630253
0.09925,-0.014601332135498524
0.09975,-0.014403734356164932
0.10025,-0.01411013025790453
0.10075,-0.013846470974385738
0.10125,-0.013591843657195568
0.10175000000000001,-0.013410055078566074
0.10225000000000001,-0.01309292484074831
0.10275000000000001,-0.01275565940886736
0.10325000000000001,-0.012497506104409695
0.10375000000000001,-0.012237017042934895
0.10425,-0.011929361149668694
0.10475,-0.011639829725027084
0.10525,-0.011319875717163086
0.10575,-0.01097351498901844
0.10625,-0.01064756978303194
0.10675,-0.01038428209722042
0.10725,-0.010018856264650822
0.10775,-0.009721163660287857
0.10825,-0.00941398087888956
0.10875,-0.009083621203899384
0.10925,-0.00876124668866396
0.10975,-0.00839658547192812
0.11025,-0.008084750734269619
0.11075,-0.007703286129981279
0.11125,-0.007509417366236448
0.11175,-0.007038556504994631
0.11225,-0.006860619876533747
0.11275,-0.006394574418663979
0.11325,-0.006128939334303141
0.11375,-0.005888664163649082
0.11425,-0.0055076805874705315
0.11475,-0.005307893734425306
0.11525,-0.004861500114202499
0.11575,-0.00467661814764142
0.11625,-0.004309849813580513
0.11675,-0.003965657204389572
0.11725000000000001,-0.00392382126301527
0.11775000000000001,-0.0034624221734702587
0.11825000000000001,-0.003303233301267028
0.11875000000000001,-0.0029320186004042625
0.11925000000000001,-0.002671047579497099
0.11975000000000001,-0.00263198115862906
0.12025,-0.0022643960546702147
0.12075,-0.0021674882154911757
0.12125,-0.0017416452756151557
0.12175,-0.0015953914262354374
0.12225,-0.0014802803052589297
0.12275,-0.0011796198086813092
0.12325,-0.0011925308499485254
0.12375,-0.0008773591252975166
0.12425,-0.0008632663520984352
0.12475,-0.0006837985711172223
0.12525,-0.0005345747340470552
0.12575,-0.0004476651956792921
0.12625,-7.198692037491128e-05
0.12675,-0.00016726618923712522
0.12725,3.830811328953132e-05
0.12775,-8.013394108274952e-06
0.12825,6.021619265084155e-05
0.12875,0.00020780228078365326
0.12925,-2.5456569346715696e-05
0.12975,0.00027186120860278606
0.13025,0.0001733879034873098
0.13075,0.000392578833270818
0.13125,0.0005279049510136247
0.13175,0.00029646308394148946
0.13225,0.0007222471758723259
0.13275,0.0004669861518777907
0.13325,0.0005941645940765738
0.13375,0.0008169154170900583
0.13425,0.0005556984106078744
0.13475,0.0009297601645812392
0.13525,0.000661357888020575
0.13575,0.0006785602890886366
0.13625,0.0008290819241665304
0.13675,0.0006391089991666377
0.13725,0.0009247296839021146
0.13775,0.00047034298768267035
0.13825,0.0006434779497794807
0.13875,0.0005527747562155128
0.13925,0.0004498002235777676
0.13975,0.0005473448545671999
0.14025,0.00017199460125993937
0.14075000000000001,0.0002649612142704427
0.14125000000000001,4.54031651315745e-05
0.14175000000000001,-2.08208839467261e-05
0.14225000000000002,-6.654974276898429e-05
0.14275000000000002,-0.00032569305039942265
0.14325000000000002,-0.00033200811594724655
0.14375000000000002,-0.0006594456499442458
0.14425,-0.0006552576669491827
0.14475,-0.0008765824022702873
0.14525,-0.0009898435091599822
0.14575,-0.0010841224575415254
0.14625,-0.0014178567798808217
0.14675,-0.0014512772904708982
0.14725,-0.001693615224212408
0.14775,-0.0017800912028178573
0.14825,-0.0020009917207062244
0.14875,-0.0021803320851176977
0.14925,-0.002164829056710005
0.14975,-0.002571526449173689
0.15025,-0.0025233139749616385
0.15075,-0.0028156396001577377
0.15125,-0.002896800870075822
0.15175,-0.002883919281885028
0.15225,-0.0032996516674757004
0.15275,-0.003144600661471486
0.15325,-0.0034911413677036762
0.15375,-0.003437504405155778
0.15425,-0.0033553510438650846
0.15475,-0.0038302347529679537
0.15525,-0.003588141407817602
0.15575,-0.003880287054926157
0.15625,-0.0037118694745004177
0.15675,-0.0038410855922847986
0.15725,-0.0038791729602962732
0.15775,-0.0036708880215883255
0.15825,-0.0040602050721645355
0.15875,-0.003649064339697361
0.15925,-0.0039419508539140224
0.15975,-0.00365965417586267
0.16025,-0.003532283939421177
0.16075,-0.0038514062762260437
0.16125,-0.0034426269121468067
0.16175,-0.0036056158132851124
0.16225,-0.003323199460282922
0.16275,-0.0033988424111157656
0.16325,-0.003245303174480796
0.16375,-0.003123840317130089
0.16425,-0.003151416312903166
0.16475,-0.0029423388186842203
0.16525,-0.002910182112827897
0.16575,-0.0028100060299038887
0.16625,-0.0026198041159659624
